0.000000 0.707107 -0.707107
0.005000 0.698331 -0.715775
0.010000 0.689458 -0.724326
0.015000 0.680498 -0.732750
0.020000 0.671462 -0.741039
0.025000 0.662362 -0.749184
0.030000 0.653208 -0.757178
0.035000 0.644014 -0.765014
0.040000 0.634791 -0.772684
0.045000 0.625552 -0.780183
0.050000 0.616309 -0.787504
0.055000 0.607076 -0.794644
0.060000 0.597866 -0.801596
0.065000 0.588691 -0.808358
0.070000 0.579565 -0.814926
0.075000 0.570502 -0.821296
0.080000 0.561514 -0.827467
0.085000 0.552615 -0.833437
0.090000 0.543818 -0.839203
0.095000 0.535136 -0.844766
0.100000 0.526582 -0.850124
0.105000 0.518170 -0.855278
0.110000 0.509912 -0.860227
0.115000 0.501820 -0.864972
0.120000 0.493907 -0.869515
0.125000 0.486184 -0.873856
0.130000 0.478664 -0.877998
0.135000 0.471358 -0.881942
0.140000 0.464277 -0.885690
0.145000 0.457432 -0.889245
0.150000 0.450833 -0.892608
0.155000 0.444490 -0.895784
0.160000 0.438412 -0.898774
0.165000 0.432610 -0.901581
0.170000 0.427091 -0.904209
0.175000 0.421864 -0.906659
0.180000 0.416938 -0.908935
0.185000 0.412318 -0.911040
0.190000 0.408012 -0.912976
0.195000 0.404027 -0.914747
0.200000 0.400369 -0.916354
0.205000 0.397042 -0.917800
0.210000 0.394052 -0.919088
0.215000 0.391404 -0.920219
0.220000 0.389100 -0.921195
0.225000 0.387146 -0.922019
0.230000 0.385542 -0.922690
0.235000 0.384293 -0.923211
0.240000 0.383399 -0.923583
0.245000 0.382862 -0.923805
0.250000 0.382683 -0.923880
0.255000 0.382862 -0.923805
0.260000 0.383399 -0.923583
0.265000 0.384293 -0.923211
0.270000 0.385542 -0.922690
0.275000 0.387146 -0.922019
0.280000 0.389100 -0.921195
0.285000 0.391404 -0.920219
0.290000 0.394052 -0.919088
0.295000 0.397042 -0.917800
0.300000 0.400369 -0.916354
0.305000 0.404027 -0.914747
0.310000 0.408012 -0.912976
0.315000 0.412318 -0.911040
0.320000 0.416938 -0.908935
0.325000 0.421864 -0.906659
0.330000 0.427091 -0.904209
0.335000 0.432610 -0.901581
0.340000 0.438412 -0.898774
0.345000 0.444490 -0.895784
0.350000 0.450833 -0.892608
0.355000 0.457432 -0.889245
0.360000 0.464277 -0.885690
0.365000 0.471358 -0.881942
0.370000 0.478664 -0.877998
0.375000 0.486184 -0.873856
0.380000 0.493907 -0.869515
0.385000 0.501820 -0.864972
0.390000 0.509912 -0.860227
0.395000 0.518170 -0.855278
0.400000 0.526582 -0.850124
0.405000 0.535136 -0.844766
0.410000 0.543818 -0.839203
0.415000 0.552615 -0.833437
0.420000 0.561514 -0.827467
0.425000 0.570502 -0.821296
0.430000 0.579565 -0.814926
0.435000 0.588691 -0.808358
0.440000 0.597866 -0.801596
0.445000 0.607076 -0.794644
0.450000 0.616309 -0.787504
0.455000 0.625552 -0.780183
0.460000 0.634791 -0.772684
0.465000 0.644014 -0.765014
0.470000 0.653208 -0.757178
0.475000 0.662362 -0.749184
0.480000 0.671462 -0.741039
0.485000 0.680498 -0.732750
0.490000 0.689458 -0.724326
0.495000 0.698331 -0.715775
0.500000 0.707107 -0.707107
0.505000 0.715775 -0.698331
0.510000 0.724326 -0.689458
0.515000 0.732750 -0.680498
0.520000 0.741039 -0.671462
0.525000 0.749184 -0.662362
0.530000 0.757178 -0.653208
0.535000 0.765014 -0.644014
0.540000 0.772684 -0.634791
0.545000 0.780183 -0.625552
0.550000 0.787504 -0.616309
0.555000 0.794644 -0.607076
0.560000 0.801596 -0.597866
0.565000 0.808358 -0.588691
0.570000 0.814926 -0.579565
0.575000 0.821296 -0.570502
0.580000 0.827467 -0.561514
0.585000 0.833437 -0.552615
0.590000 0.839203 -0.543818
0.595000 0.844766 -0.535136
0.600000 0.850124 -0.526582
0.605000 0.855278 -0.518170
0.610000 0.860227 -0.509912
0.615000 0.864972 -0.501820
0.620000 0.869515 -0.493907
0.625000 0.873856 -0.486184
0.630000 0.877998 -0.478664
0.635000 0.881942 -0.471358
0.640000 0.885690 -0.464277
0.645000 0.889245 -0.457432
0.650000 0.892608 -0.450833
0.655000 0.895784 -0.444490
0.660000 0.898774 -0.438412
0.665000 0.901581 -0.432610
0.670000 0.904209 -0.427091
0.675000 0.906659 -0.421864
0.680000 0.908935 -0.416938
0.685000 0.911040 -0.412318
0.690000 0.912976 -0.408012
0.695000 0.914747 -0.404027
0.700000 0.916354 -0.400369
0.705000 0.917800 -0.397042
0.710000 0.919088 -0.394052
0.715000 0.920219 -0.391404
0.720000 0.921195 -0.389100
0.725000 0.922019 -0.387146
0.730000 0.922690 -0.385542
0.735000 0.923211 -0.384293
0.740000 0.923583 -0.383399
0.745000 0.923805 -0.382862
0.750000 0.923880 -0.382683
0.755000 0.923805 -0.382862
0.760000 0.923583 -0.383399
0.765000 0.923211 -0.384293
0.770000 0.922690 -0.385542
0.775000 0.922019 -0.387146
0.780000 0.921195 -0.389100
0.785000 0.920219 -0.391404
0.790000 0.919088 -0.394052
0.795000 0.917800 -0.397042
0.800000 0.916354 -0.400369
0.805000 0.914747 -0.404027
0.810000 0.912976 -0.408012
0.815000 0.911040 -0.412318
0.820000 0.908935 -0.416938
0.825000 0.906659 -0.421864
0.830000 0.904209 -0.427091
0.835000 0.901581 -0.432610
0.840000 0.898774 -0.438412
0.845000 0.895784 -0.444490
0.850000 0.892608 -0.450833
0.855000 0.889245 -0.457432
0.860000 0.885690 -0.464277
0.865000 0.881942 -0.471358
0.870000 0.877998 -0.478664
0.875000 0.873856 -0.486184
0.880000 0.869515 -0.493907
0.885000 0.864972 -0.501820
0.890000 0.860227 -0.509912
0.895000 0.855278 -0.518170
0.900000 0.850124 -0.526582
0.905000 0.844766 -0.535136
0.910000 0.839203 -0.543818
0.915000 0.833437 -0.552615
0.920000 0.827467 -0.561514
0.925000 0.821296 -0.570502
0.930000 0.814926 -0.579565
0.935000 0.808358 -0.588691
0.940000 0.801596 -0.597866
0.945000 0.794644 -0.607076
0.950000 0.787504 -0.616309
0.955000 0.780183 -0.625552
0.960000 0.772684 -0.634791
0.965000 0.765014 -0.644014
0.970000 0.757178 -0.653208
0.975000 0.749184 -0.662362
0.980000 0.741039 -0.671462
0.985000 0.732750 -0.680498
0.990000 0.724326 -0.689458
0.995000 0.715775 -0.698331
1.000000 0.707107 -0.707107
1.005000 0.698331 -0.715775
1.010000 0.689458 -0.724326
1.015000 0.680498 -0.732750
1.020000 0.671462 -0.741039
1.025000 0.662362 -0.749184
1.030000 0.653208 -0.757178
1.035000 0.644014 -0.765014
1.040000 0.634791 -0.772684
1.045000 0.625552 -0.780183
1.050000 0.616309 -0.787504
1.055000 0.607076 -0.794644
1.060000 0.597866 -0.801596
1.065000 0.588691 -0.808358
1.070000 0.579565 -0.814926
1.075000 0.570502 -0.821296
1.080000 0.561514 -0.827467
1.085000 0.552615 -0.833437
1.090000 0.543818 -0.839203
1.095000 0.535136 -0.844766
1.100000 0.526582 -0.850124
1.105000 0.518170 -0.855278
1.110000 0.509912 -0.860227
1.115000 0.501820 -0.864972
1.120000 0.493907 -0.869515
1.125000 0.486184 -0.873856
1.130000 0.478664 -0.877998
1.135000 0.471358 -0.881942
1.140000 0.464277 -0.885690
1.145000 0.457432 -0.889245
1.150000 0.450833 -0.892608
1.155000 0.444490 -0.895784
1.160000 0.438412 -0.898774
1.165000 0.432610 -0.901581
1.170000 0.427091 -0.904209
1.175000 0.421864 -0.906659
1.180000 0.416938 -0.908935
1.185000 0.412318 -0.911040
1.190000 0.408012 -0.912976
1.195000 0.404027 -0.914747
1.200000 0.400369 -0.916354
1.205000 0.397042 -0.917800
1.210000 0.394052 -0.919088
1.215000 0.391404 -0.920219
1.220000 0.389100 -0.921195
1.225000 0.387146 -0.922019
1.230000 0.385542 -0.922690
1.235000 0.384293 -0.923211
1.240000 0.383399 -0.923583
1.245000 0.382862 -0.923805
1.250000 0.382683 -0.923880
1.255000 0.382862 -0.923805
1.260000 0.383399 -0.923583
1.265000 0.384293 -0.923211
1.270000 0.385542 -0.922690
1.275000 0.387146 -0.922019
1.280000 0.389100 -0.921195
1.285000 0.391404 -0.920219
1.290000 0.394052 -0.919088
1.295000 0.397042 -0.917800
1.300000 0.400369 -0.916354
1.305000 0.404027 -0.914747
1.310000 0.408012 -0.912976
1.315000 0.412318 -0.911040
1.320000 0.416938 -0.908935
1.325000 0.421864 -0.906659
1.330000 0.427091 -0.904209
1.335000 0.432610 -0.901581
1.340000 0.438412 -0.898774
1.345000 0.444490 -0.895784
1.350000 0.450833 -0.892608
1.355000 0.457432 -0.889245
1.360000 0.464277 -0.885690
1.365000 0.471358 -0.881942
1.370000 0.478664 -0.877998
1.375000 0.486184 -0.873856
1.380000 0.493907 -0.869515
1.385000 0.501820 -0.864972
1.390000 0.509912 -0.860227
1.395000 0.518170 -0.855278
1.400000 0.526582 -0.850124
1.405000 0.535136 -0.844766
1.410000 0.543818 -0.839203
1.415000 0.552615 -0.833437
1.420000 0.561514 -0.827467
1.425000 0.570502 -0.821296
1.430000 0.579565 -0.814926
1.435000 0.588691 -0.808358
1.440000 0.597866 -0.801596
1.445000 0.607076 -0.794644
1.450000 0.616309 -0.787504
1.455000 0.625552 -0.780183
1.460000 0.634791 -0.772684
1.465000 0.644014 -0.765014
1.470000 0.653208 -0.757178
1.475000 0.662362 -0.749184
1.480000 0.671462 -0.741039
1.485000 0.680498 -0.732750
1.490000 0.689458 -0.724326
1.495000 0.698331 -0.715775
1.500000 0.707107 -0.707107
1.505000 0.715775 -0.698331
1.510000 0.724326 -0.689458
1.515000 0.732750 -0.680498
1.520000 0.741039 -0.671462
1.525000 0.749184 -0.662362
1.530000 0.757178 -0.653208
1.535000 0.765014 -0.644014
1.540000 0.772684 -0.634791
1.545000 0.780183 -0.625552
1.550000 0.787504 -0.616309
1.555000 0.794644 -0.607076
1.560000 0.801596 -0.597866
1.565000 0.808358 -0.588691
1.570000 0.814926 -0.579565
1.575000 0.821296 -0.570502
1.580000 0.827467 -0.561514
1.585000 0.833437 -0.552615
1.590000 0.839203 -0.543818
1.595000 0.844766 -0.535136
1.600000 0.850124 -0.526582
1.605000 0.855278 -0.518170
1.610000 0.860227 -0.509912
1.615000 0.864972 -0.501820
1.620000 0.869515 -0.493907
1.625000 0.873856 -0.486184
1.630000 0.877998 -0.478664
1.635000 0.881942 -0.471358
1.640000 0.885690 -0.464277
1.645000 0.889245 -0.457432
1.650000 0.892608 -0.450833
1.655000 0.895784 -0.444490
1.660000 0.898774 -0.438412
1.665000 0.901581 -0.432610
1.670000 0.904209 -0.427091
1.675000 0.906659 -0.421864
1.680000 0.908935 -0.416938
1.685000 0.911040 -0.412318
1.690000 0.912976 -0.408012
1.695000 0.914747 -0.404027
1.700000 0.916354 -0.400369
1.705000 0.917800 -0.397042
1.710000 0.919088 -0.394052
1.715000 0.920219 -0.391404
1.720000 0.921195 -0.389100
1.725000 0.922019 -0.387146
1.730000 0.922690 -0.385542
1.735000 0.923211 -0.384293
1.740000 0.923583 -0.383399
1.745000 0.923805 -0.382862
1.750000 0.923880 -0.382683
1.755000 0.923805 -0.382862
1.760000 0.923583 -0.383399
1.765000 0.923211 -0.384293
1.770000 0.922690 -0.385542
1.775000 0.922019 -0.387146
1.780000 0.921195 -0.389100
1.785000 0.920219 -0.391404
1.790000 0.919088 -0.394052
1.795000 0.917800 -0.397042
1.800000 0.916354 -0.400369
1.805000 0.914747 -0.404027
1.810000 0.912976 -0.408012
1.815000 0.911040 -0.412318
1.820000 0.908935 -0.416938
1.825000 0.906659 -0.421864
1.830000 0.904209 -0.427091
1.835000 0.901581 -0.432610
1.840000 0.898774 -0.438412
1.845000 0.895784 -0.444490
1.850000 0.892608 -0.450833
1.855000 0.889245 -0.457432
1.860000 0.885690 -0.464277
1.865000 0.881942 -0.471358
1.870000 0.877998 -0.478664
1.875000 0.873856 -0.486184
1.880000 0.869515 -0.493907
1.885000 0.864972 -0.501820
1.890000 0.860227 -0.509912
1.895000 0.855278 -0.518170
1.900000 0.850124 -0.526582
1.905000 0.844766 -0.535136
1.910000 0.839203 -0.543818
1.915000 0.833437 -0.552615
1.920000 0.827467 -0.561514
1.925000 0.821296 -0.570502
1.930000 0.814926 -0.579565
1.935000 0.808358 -0.588691
1.940000 0.801596 -0.597866
1.945000 0.794644 -0.607076
1.950000 0.787504 -0.616309
1.955000 0.780183 -0.625552
1.960000 0.772684 -0.634791
1.965000 0.765014 -0.644014
1.970000 0.757178 -0.653208
1.975000 0.749184 -0.662362
1.980000 0.741039 -0.671462
1.985000 0.732750 -0.680498
1.990000 0.724326 -0.689458
1.995000 0.715775 -0.698331
2.000000 0.707107 -0.707107
2.005000 0.698331 -0.715775
2.010000 0.689458 -0.724326
2.015000 0.680498 -0.732750
2.020000 0.671462 -0.741039
2.025000 0.662362 -0.749184
2.030000 0.653208 -0.757178
2.035000 0.644014 -0.765014
2.040000 0.634791 -0.772684
2.045000 0.625552 -0.780183
2.050000 0.616309 -0.787504
2.055000 0.607076 -0.794644
2.060000 0.597866 -0.801596
2.065000 0.588691 -0.808358
2.070000 0.579565 -0.814926
2.075000 0.570502 -0.821296
2.080000 0.561514 -0.827467
2.085000 0.552615 -0.833437
2.090000 0.543818 -0.839203
2.095000 0.535136 -0.844766
2.100000 0.526582 -0.850124
2.105000 0.518170 -0.855278
2.110000 0.509912 -0.860227
2.115000 0.501820 -0.864972
2.120000 0.493907 -0.869515
2.125000 0.486184 -0.873856
2.130000 0.478664 -0.877998
2.135000 0.471358 -0.881942
2.140000 0.464277 -0.885690
2.145000 0.457432 -0.889245
2.150000 0.450833 -0.892608
2.155000 0.444490 -0.895784
2.160000 0.438412 -0.898774
2.165000 0.432610 -0.901581
2.170000 0.427091 -0.904209
2.175000 0.421864 -0.906659
2.180000 0.416938 -0.908935
2.185000 0.412318 -0.911040
2.190000 0.408012 -0.912976
2.195000 0.404027 -0.914747
2.200000 0.400369 -0.916354
2.205000 0.397042 -0.917800
2.210000 0.394052 -0.919088
2.215000 0.391404 -0.920219
2.220000 0.389100 -0.921195
2.225000 0.387146 -0.922019
2.230000 0.385542 -0.922690
2.235000 0.384293 -0.923211
2.240000 0.383399 -0.923583
2.245000 0.382862 -0.923805
2.250000 0.382683 -0.923880
2.255000 0.382862 -0.923805
2.260000 0.383399 -0.923583
2.265000 0.384293 -0.923211
2.270000 0.385542 -0.922690
2.275000 0.387146 -0.922019
2.280000 0.389100 -0.921195
2.285000 0.391404 -0.920219
2.290000 0.394052 -0.919088
2.295000 0.397042 -0.917800
2.300000 0.400369 -0.916354
2.305000 0.404027 -0.914747
2.310000 0.408012 -0.912976
2.315000 0.412318 -0.911040
2.320000 0.416938 -0.908935
2.325000 0.421864 -0.906659
2.330000 0.427091 -0.904209
2.335000 0.432610 -0.901581
2.340000 0.438412 -0.898774
2.345000 0.444490 -0.895784
2.350000 0.450833 -0.892608
2.355000 0.457432 -0.889245
2.360000 0.464277 -0.885690
2.365000 0.471358 -0.881942
2.370000 0.478664 -0.877998
2.375000 0.486184 -0.873856
2.380000 0.493907 -0.869515
2.385000 0.501820 -0.864972
2.390000 0.509912 -0.860227
2.395000 0.518170 -0.855278
2.400000 0.526582 -0.850124
2.405000 0.535136 -0.844766
2.410000 0.543818 -0.839203
2.415000 0.552615 -0.833437
2.420000 0.561514 -0.827467
2.425000 0.570502 -0.821296
2.430000 0.579565 -0.814926
2.435000 0.588691 -0.808358
2.440000 0.597866 -0.801596
2.445000 0.607076 -0.794644
2.450000 0.616309 -0.787504
2.455000 0.625552 -0.780183
2.460000 0.634791 -0.772684
2.465000 0.644014 -0.765014
2.470000 0.653208 -0.757178
2.475000 0.662362 -0.749184
2.480000 0.671462 -0.741039
2.485000 0.680498 -0.732750
2.490000 0.689458 -0.724326
2.495000 0.698331 -0.715775
2.500000 0.707107 -0.707107
2.505000 0.715775 -0.698331
2.510000 0.724326 -0.689458
2.515000 0.732750 -0.680498
2.520000 0.741039 -0.671462
2.525000 0.749184 -0.662362
2.530000 0.757178 -0.653208
2.535000 0.765014 -0.644014
2.540000 0.772684 -0.634791
2.545000 0.780183 -0.625552
2.550000 0.787504 -0.616309
2.555000 0.794644 -0.607076
2.560000 0.801596 -0.597866
2.565000 0.808358 -0.588691
2.570000 0.814926 -0.579565
2.575000 0.821296 -0.570502
2.580000 0.827467 -0.561514
2.585000 0.833437 -0.552615
2.590000 0.839203 -0.543818
2.595000 0.844766 -0.535136
2.600000 0.850124 -0.526582
2.605000 0.855278 -0.518170
2.610000 0.860227 -0.509912
2.615000 0.864972 -0.501820
2.620000 0.869515 -0.493907
2.625000 0.873856 -0.486184
2.630000 0.877998 -0.478664
2.635000 0.881942 -0.471358
2.640000 0.885690 -0.464277
2.645000 0.889245 -0.457432
2.650000 0.892608 -0.450833
2.655000 0.895784 -0.444490
2.660000 0.898774 -0.438412
2.665000 0.901581 -0.432610
2.670000 0.904209 -0.427091
2.675000 0.906659 -0.421864
2.680000 0.908935 -0.416938
2.685000 0.911040 -0.412318
2.690000 0.912976 -0.408012
2.695000 0.914747 -0.404027
2.700000 0.916354 -0.400369
2.705000 0.917800 -0.397042
2.710000 0.919088 -0.394052
2.715000 0.920219 -0.391404
2.720000 0.921195 -0.389100
2.725000 0.922019 -0.387146
2.730000 0.922690 -0.385542
2.735000 0.923211 -0.384293
2.740000 0.923583 -0.383399
2.745000 0.923805 -0.382862
2.750000 0.923880 -0.382683
2.755000 0.923805 -0.382862
2.760000 0.923583 -0.383399
2.765000 0.923211 -0.384293
2.770000 0.922690 -0.385542
2.775000 0.922019 -0.387146
2.780000 0.921195 -0.389100
2.785000 0.920219 -0.391404
2.790000 0.919088 -0.394052
2.795000 0.917800 -0.397042
2.800000 0.916354 -0.400369
2.805000 0.914747 -0.404027
2.810000 0.912976 -0.408012
2.815000 0.911040 -0.412318
2.820000 0.908935 -0.416938
2.825000 0.906659 -0.421864
2.830000 0.904209 -0.427091
2.835000 0.901581 -0.432610
2.840000 0.898774 -0.438412
2.845000 0.895784 -0.444490
2.850000 0.892608 -0.450833
2.855000 0.889245 -0.457432
2.860000 0.885690 -0.464277
2.865000 0.881942 -0.471358
2.870000 0.877998 -0.478664
2.875000 0.873856 -0.486184
2.880000 0.869515 -0.493907
2.885000 0.864972 -0.501820
2.890000 0.860227 -0.509912
2.895000 0.855278 -0.518170
2.900000 0.850124 -0.526582
2.905000 0.844766 -0.535136
2.910000 0.839203 -0.543818
2.915000 0.833437 -0.552615
2.920000 0.827467 -0.561514
2.925000 0.821296 -0.570502
2.930000 0.814926 -0.579565
2.935000 0.808358 -0.588691
2.940000 0.801596 -0.597866
2.945000 0.794644 -0.607076
2.950000 0.787504 -0.616309
2.955000 0.780183 -0.625552
2.960000 0.772684 -0.634791
2.965000 0.765014 -0.644014
2.970000 0.757178 -0.653208
2.975000 0.749184 -0.662362
2.980000 0.741039 -0.671462
2.985000 0.732750 -0.680498
2.990000 0.724326 -0.689458
2.995000 0.715775 -0.698331
3.000000 0.707107 -0.707107
3.005000 0.698331 -0.715775
3.010000 0.689458 -0.724326
3.015000 0.680498 -0.732750
3.020000 0.671462 -0.741039
3.025000 0.662362 -0.749184
3.030000 0.653208 -0.757178
3.035000 0.644014 -0.765014
3.040000 0.634791 -0.772684
3.045000 0.625552 -0.780183
3.050000 0.616309 -0.787504
3.055000 0.607076 -0.794644
3.060000 0.597866 -0.801596
3.065000 0.588691 -0.808358
3.070000 0.579565 -0.814926
3.075000 0.570502 -0.821296
3.080000 0.561514 -0.827467
3.085000 0.552615 -0.833437
3.090000 0.543818 -0.839203
3.095000 0.535136 -0.844766
3.100000 0.526582 -0.850124
3.105000 0.518170 -0.855278
3.110000 0.509912 -0.860227
3.115000 0.501820 -0.864972
3.120000 0.493907 -0.869515
3.125000 0.486184 -0.873856
3.130000 0.478664 -0.877998
3.135000 0.471358 -0.881942
3.140000 0.464277 -0.885690
3.145000 0.457432 -0.889245
3.150000 0.450833 -0.892608
3.155000 0.444490 -0.895784
3.160000 0.438412 -0.898774
3.165000 0.432610 -0.901581
3.170000 0.427091 -0.904209
3.175000 0.421864 -0.906659
3.180000 0.416938 -0.908935
3.185000 0.412318 -0.911040
3.190000 0.408012 -0.912976
3.195000 0.404027 -0.914747
3.200000 0.400369 -0.916354
3.205000 0.397042 -0.917800
3.210000 0.394052 -0.919088
3.215000 0.391404 -0.920219
3.220000 0.389100 -0.921195
3.225000 0.387146 -0.922019
3.230000 0.385542 -0.922690
3.235000 0.384293 -0.923211
3.240000 0.383399 -0.923583
3.245000 0.382862 -0.923805
3.250000 0.382683 -0.923880
3.255000 0.382862 -0.923805
3.260000 0.383399 -0.923583
3.265000 0.384293 -0.923211
3.270000 0.385542 -0.922690
3.275000 0.387146 -0.922019
3.280000 0.389100 -0.921195
3.285000 0.391404 -0.920219
3.290000 0.394052 -0.919088
3.295000 0.397042 -0.917800
3.300000 0.400369 -0.916354
3.305000 0.404027 -0.914747
3.310000 0.408012 -0.912976
3.315000 0.412318 -0.911040
3.320000 0.416938 -0.908935
3.325000 0.421864 -0.906659
3.330000 0.427091 -0.904209
3.335000 0.432610 -0.901581
3.340000 0.438412 -0.898774
3.345000 0.444490 -0.895784
3.350000 0.450833 -0.892608
3.355000 0.457432 -0.889245
3.360000 0.464277 -0.885690
3.365000 0.471358 -0.881942
3.370000 0.478664 -0.877998
3.375000 0.486184 -0.873856
3.380000 0.493907 -0.869515
3.385000 0.501820 -0.864972
3.390000 0.509912 -0.860227
3.395000 0.518170 -0.855278
3.400000 0.526582 -0.850124
3.405000 0.535136 -0.844766
3.410000 0.543818 -0.839203
3.415000 0.552615 -0.833437
3.420000 0.561514 -0.827467
3.425000 0.570502 -0.821296
3.430000 0.579565 -0.814926
3.435000 0.588691 -0.808358
3.440000 0.597866 -0.801596
3.445000 0.607076 -0.794644
3.450000 0.616309 -0.787504
3.455000 0.625552 -0.780183
3.460000 0.634791 -0.772684
3.465000 0.644014 -0.765014
3.470000 0.653208 -0.757178
3.475000 0.662362 -0.749184
3.480000 0.671462 -0.741039
3.485000 0.680498 -0.732750
3.490000 0.689458 -0.724326
3.495000 0.698331 -0.715775
3.500000 0.707107 -0.707107
3.505000 0.715775 -0.698331
3.510000 0.724326 -0.689458
3.515000 0.732750 -0.680498
3.520000 0.741039 -0.671462
3.525000 0.749184 -0.662362
3.530000 0.757178 -0.653208
3.535000 0.765014 -0.644014
3.540000 0.772684 -0.634791
3.545000 0.780183 -0.625552
3.550000 0.787504 -0.616309
3.555000 0.794644 -0.607076
3.560000 0.801596 -0.597866
3.565000 0.808358 -0.588691
3.570000 0.814926 -0.579565
3.575000 0.821296 -0.570502
3.580000 0.827467 -0.561514
3.585000 0.833437 -0.552615
3.590000 0.839203 -0.543818
3.595000 0.844766 -0.535136
3.600000 0.850124 -0.526582
3.605000 0.855278 -0.518170
3.610000 0.860227 -0.509912
3.615000 0.864972 -0.501820
3.620000 0.869515 -0.493907
3.625000 0.873856 -0.486184
3.630000 0.877998 -0.478664
3.635000 0.881942 -0.471358
3.640000 0.885690 -0.464277
3.645000 0.889245 -0.457432
3.650000 0.892608 -0.450833
3.655000 0.895784 -0.444490
3.660000 0.898774 -0.438412
3.665000 0.901581 -0.432610
3.670000 0.904209 -0.427091
3.675000 0.906659 -0.421864
3.680000 0.908935 -0.416938
3.685000 0.911040 -0.412318
3.690000 0.912976 -0.408012
3.695000 0.914747 -0.404027
3.700000 0.916354 -0.400369
3.705000 0.917800 -0.397042
3.710000 0.919088 -0.394052
3.715000 0.920219 -0.391404
3.720000 0.921195 -0.389100
3.725000 0.922019 -0.387146
3.730000 0.922690 -0.385542
3.735000 0.923211 -0.384293
3.740000 0.923583 -0.383399
3.745000 0.923805 -0.382862
3.750000 0.923880 -0.382683
3.755000 0.923805 -0.382862
3.760000 0.923583 -0.383399
3.765000 0.923211 -0.384293
3.770000 0.922690 -0.385542
3.775000 0.922019 -0.387146
3.780000 0.921195 -0.389100
3.785000 0.920219 -0.391404
3.790000 0.919088 -0.394052
3.795000 0.917800 -0.397042
3.800000 0.916354 -0.400369
3.805000 0.914747 -0.404027
3.810000 0.912976 -0.408012
3.815000 0.911040 -0.412318
3.820000 0.908935 -0.416938
3.825000 0.906659 -0.421864
3.830000 0.904209 -0.427091
3.835000 0.901581 -0.432610
3.840000 0.898774 -0.438412
3.845000 0.895784 -0.444490
3.850000 0.892608 -0.450833
3.855000 0.889245 -0.457432
3.860000 0.885690 -0.464277
3.865000 0.881942 -0.471358
3.870000 0.877998 -0.478664
3.875000 0.873856 -0.486184
3.880000 0.869515 -0.493907
3.885000 0.864972 -0.501820
3.890000 0.860227 -0.509912
3.895000 0.855278 -0.518170
3.900000 0.850124 -0.526582
3.905000 0.844766 -0.535136
3.910000 0.839203 -0.543818
3.915000 0.833437 -0.552615
3.920000 0.827467 -0.561514
3.925000 0.821296 -0.570502
3.930000 0.814926 -0.579565
3.935000 0.808358 -0.588691
3.940000 0.801596 -0.597866
3.945000 0.794644 -0.607076
3.950000 0.787504 -0.616309
3.955000 0.780183 -0.625552
3.960000 0.772684 -0.634791
3.965000 0.765014 -0.644014
3.970000 0.757178 -0.653208
3.975000 0.749184 -0.662362
3.980000 0.741039 -0.671462
3.985000 0.732750 -0.680498
3.990000 0.724326 -0.689458
3.995000 0.715775 -0.698331
4.000000 0.707107 -0.707107
4.005000 0.698331 -0.715775
4.010000 0.689458 -0.724326
4.015000 0.680498 -0.732750
4.020000 0.671462 -0.741039
4.025000 0.662362 -0.749184
4.030000 0.653208 -0.757178
4.035000 0.644014 -0.765014
4.040000 0.634791 -0.772684
4.045000 0.625552 -0.780183
4.050000 0.616309 -0.787504
4.055000 0.607076 -0.794644
4.060000 0.597866 -0.801596
4.065000 0.588691 -0.808358
4.070000 0.579565 -0.814926
4.075000 0.570502 -0.821296
4.080000 0.561514 -0.827467
4.085000 0.552615 -0.833437
4.090000 0.543818 -0.839203
4.095000 0.535136 -0.844766
4.100000 0.526582 -0.850124
4.105000 0.518170 -0.855278
4.110000 0.509912 -0.860227
4.115000 0.501820 -0.864972
4.120000 0.493907 -0.869515
4.125000 0.486184 -0.873856
4.130000 0.478664 -0.877998
4.135000 0.471358 -0.881942
4.140000 0.464277 -0.885690
4.145000 0.457432 -0.889245
4.150000 0.450833 -0.892608
4.155000 0.444490 -0.895784
4.160000 0.438412 -0.898774
4.165000 0.432610 -0.901581
4.170000 0.427091 -0.904209
4.175000 0.421864 -0.906659
4.180000 0.416938 -0.908935
4.185000 0.412318 -0.911040
4.190000 0.408012 -0.912976
4.195000 0.404027 -0.914747
4.200000 0.400369 -0.916354
4.205000 0.397042 -0.917800
4.210000 0.394052 -0.919088
4.215000 0.391404 -0.920219
4.220000 0.389100 -0.921195
4.225000 0.387146 -0.922019
4.230000 0.385542 -0.922690
4.235000 0.384293 -0.923211
4.240000 0.383399 -0.923583
4.245000 0.382862 -0.923805
4.250000 0.382683 -0.923880
4.255000 0.382862 -0.923805
4.260000 0.383399 -0.923583
4.265000 0.384293 -0.923211
4.270000 0.385542 -0.922690
4.275000 0.387146 -0.922019
4.280000 0.389100 -0.921195
4.285000 0.391404 -0.920219
4.290000 0.394052 -0.919088
4.295000 0.397042 -0.917800
4.300000 0.400369 -0.916354
4.305000 0.404027 -0.914747
4.310000 0.408012 -0.912976
4.315000 0.412318 -0.911040
4.320000 0.416938 -0.908935
4.325000 0.421864 -0.906659
4.330000 0.427091 -0.904209
4.335000 0.432610 -0.901581
4.340000 0.438412 -0.898774
4.345000 0.444490 -0.895784
4.350000 0.450833 -0.892608
4.355000 0.457432 -0.889245
4.360000 0.464277 -0.885690
4.365000 0.471358 -0.881942
4.370000 0.478664 -0.877998
4.375000 0.486184 -0.873856
4.380000 0.493907 -0.869515
4.385000 0.501820 -0.864972
4.390000 0.509912 -0.860227
4.395000 0.518170 -0.855278
4.400000 0.526582 -0.850124
4.405000 0.535136 -0.844766
4.410000 0.543818 -0.839203
4.415000 0.552615 -0.833437
4.420000 0.561514 -0.827467
4.425000 0.570502 -0.821296
4.430000 0.579565 -0.814926
4.435000 0.588691 -0.808358
4.440000 0.597866 -0.801596
4.445000 0.607076 -0.794644
4.450000 0.616309 -0.787504
4.455000 0.625552 -0.780183
4.460000 0.634791 -0.772684
4.465000 0.644014 -0.765014
4.470000 0.653208 -0.757178
4.475000 0.662362 -0.749184
4.480000 0.671462 -0.741039
4.485000 0.680498 -0.732750
4.490000 0.689458 -0.724326
4.495000 0.698331 -0.715775
4.500000 0.707107 -0.707107
4.505000 0.715775 -0.698331
4.510000 0.724326 -0.689458
4.515000 0.732750 -0.680498
4.520000 0.741039 -0.671462
4.525000 0.749184 -0.662362
4.530000 0.757178 -0.653208
4.535000 0.765014 -0.644014
4.540000 0.772684 -0.634791
4.545000 0.780183 -0.625552
4.550000 0.787504 -0.616309
4.555000 0.794644 -0.607076
4.560000 0.801596 -0.597866
4.565000 0.808358 -0.588691
4.570000 0.814926 -0.579565
4.575000 0.821296 -0.570502
4.580000 0.827467 -0.561514
4.585000 0.833437 -0.552615
4.590000 0.839203 -0.543818
4.595000 0.844766 -0.535136
4.600000 0.850124 -0.526582
4.605000 0.855278 -0.518170
4.610000 0.860227 -0.509912
4.615000 0.864972 -0.501820
4.620000 0.869515 -0.493907
4.625000 0.873856 -0.486184
4.630000 0.877998 -0.478664
4.635000 0.881942 -0.471358
4.640000 0.885690 -0.464277
4.645000 0.889245 -0.457432
4.650000 0.892608 -0.450833
4.655000 0.895784 -0.444490
4.660000 0.898774 -0.438412
4.665000 0.901581 -0.432610
4.670000 0.904209 -0.427091
4.675000 0.906659 -0.421864
4.680000 0.908935 -0.416938
4.685000 0.911040 -0.412318
4.690000 0.912976 -0.408012
4.695000 0.914747 -0.404027
4.700000 0.916354 -0.400369
4.705000 0.917800 -0.397042
4.710000 0.919088 -0.394052
4.715000 0.920219 -0.391404
4.720000 0.921195 -0.389100
4.725000 0.922019 -0.387146
4.730000 0.922690 -0.385542
4.735000 0.923211 -0.384293
4.740000 0.923583 -0.383399
4.745000 0.923805 -0.382862
4.750000 0.923880 -0.382683
4.755000 0.923805 -0.382862
4.760000 0.923583 -0.383399
4.765000 0.923211 -0.384293
4.770000 0.922690 -0.385542
4.775000 0.922019 -0.387146
4.780000 0.921195 -0.389100
4.785000 0.920219 -0.391404
4.790000 0.919088 -0.394052
4.795000 0.917800 -0.397042
4.800000 0.916354 -0.400369
4.805000 0.914747 -0.404027
4.810000 0.912976 -0.408012
4.815000 0.911040 -0.412318
4.820000 0.908935 -0.416938
4.825000 0.906659 -0.421864
4.830000 0.904209 -0.427091
4.835000 0.901581 -0.432610
4.840000 0.898774 -0.438412
4.845000 0.895784 -0.444490
4.850000 0.892608 -0.450833
4.855000 0.889245 -0.457432
4.860000 0.885690 -0.464277
4.865000 0.881942 -0.471358
4.870000 0.877998 -0.478664
4.875000 0.873856 -0.486184
4.880000 0.869515 -0.493907
4.885000 0.864972 -0.501820
4.890000 0.860227 -0.509912
4.895000 0.855278 -0.518170
4.900000 0.850124 -0.526582
4.905000 0.844766 -0.535136
4.910000 0.839203 -0.543818
4.915000 0.833437 -0.552615
4.920000 0.827467 -0.561514
4.925000 0.821296 -0.570502
4.930000 0.814926 -0.579565
4.935000 0.808358 -0.588691
4.940000 0.801596 -0.597866
4.945000 0.794644 -0.607076
4.950000 0.787504 -0.616309
4.955000 0.780183 -0.625552
4.960000 0.772684 -0.634791
4.965000 0.765014 -0.644014
4.970000 0.757178 -0.653208
4.975000 0.749184 -0.662362
4.980000 0.741039 -0.671462
4.985000 0.732750 -0.680498
4.990000 0.724326 -0.689458
4.995000 0.715775 -0.698331
5.000000 0.707107 -0.707107
5.005000 0.698331 -0.715775
5.010000 0.689458 -0.724326
5.015000 0.680498 -0.732750
5.020000 0.671462 -0.741039
5.025000 0.662362 -0.749184
5.030000 0.653208 -0.757178
5.035000 0.644014 -0.765014
5.040000 0.634791 -0.772684
5.045000 0.625552 -0.780183
5.050000 0.616309 -0.787504
5.055000 0.607076 -0.794644
5.060000 0.597866 -0.801596
5.065000 0.588691 -0.808358
5.070000 0.579565 -0.814926
5.075000 0.570502 -0.821296
5.080000 0.561514 -0.827467
5.085000 0.552615 -0.833437
5.090000 0.543818 -0.839203
5.095000 0.535136 -0.844766
5.100000 0.526582 -0.850124
5.105000 0.518170 -0.855278
5.110000 0.509912 -0.860227
5.115000 0.501820 -0.864972
5.120000 0.493907 -0.869515
5.125000 0.486184 -0.873856
5.130000 0.478664 -0.877998
5.135000 0.471358 -0.881942
5.140000 0.464277 -0.885690
5.145000 0.457432 -0.889245
5.150000 0.450833 -0.892608
5.155000 0.444490 -0.895784
5.160000 0.438412 -0.898774
5.165000 0.432610 -0.901581
5.170000 0.427091 -0.904209
5.175000 0.421864 -0.906659
5.180000 0.416938 -0.908935
5.185000 0.412318 -0.911040
5.190000 0.408012 -0.912976
5.195000 0.404027 -0.914747
5.200000 0.400369 -0.916354
5.205000 0.397042 -0.917800
5.210000 0.394052 -0.919088
5.215000 0.391404 -0.920219
5.220000 0.389100 -0.921195
5.225000 0.387146 -0.922019
5.230000 0.385542 -0.922690
5.235000 0.384293 -0.923211
5.240000 0.383399 -0.923583
5.245000 0.382862 -0.923805
5.250000 0.382683 -0.923880
5.255000 0.382862 -0.923805
5.260000 0.383399 -0.923583
5.265000 0.384293 -0.923211
5.270000 0.385542 -0.922690
5.275000 0.387146 -0.922019
5.280000 0.389100 -0.921195
5.285000 0.391404 -0.920219
5.290000 0.394052 -0.919088
5.295000 0.397042 -0.917800
5.300000 0.400369 -0.916354
5.305000 0.404027 -0.914747
5.310000 0.408012 -0.912976
5.315000 0.412318 -0.911040
5.320000 0.416938 -0.908935
5.325000 0.421864 -0.906659
5.330000 0.427091 -0.904209
5.335000 0.432610 -0.901581
5.340000 0.438412 -0.898774
5.345000 0.444490 -0.895784
5.350000 0.450833 -0.892608
5.355000 0.457432 -0.889245
5.360000 0.464277 -0.885690
5.365000 0.471358 -0.881942
5.370000 0.478664 -0.877998
5.375000 0.486184 -0.873856
5.380000 0.493907 -0.869515
5.385000 0.501820 -0.864972
5.390000 0.509912 -0.860227
5.395000 0.518170 -0.855278
5.400000 0.526582 -0.850124
5.405000 0.535136 -0.844766
5.410000 0.543818 -0.839203
5.415000 0.552615 -0.833437
5.420000 0.561514 -0.827467
5.425000 0.570502 -0.821296
5.430000 0.579565 -0.814926
5.435000 0.588691 -0.808358
5.440000 0.597866 -0.801596
5.445000 0.607076 -0.794644
5.450000 0.616309 -0.787504
5.455000 0.625552 -0.780183
5.460000 0.634791 -0.772684
5.465000 0.644014 -0.765014
5.470000 0.653208 -0.757178
5.475000 0.662362 -0.749184
5.480000 0.671462 -0.741039
5.485000 0.680498 -0.732750
5.490000 0.689458 -0.724326
5.495000 0.698331 -0.715775
5.500000 0.707107 -0.707107
5.505000 0.715775 -0.698331
5.510000 0.724326 -0.689458
5.515000 0.732750 -0.680498
5.520000 0.741039 -0.671462
5.525000 0.749184 -0.662362
5.530000 0.757178 -0.653208
5.535000 0.765014 -0.644014
5.540000 0.772684 -0.634791
5.545000 0.780183 -0.625552
5.550000 0.787504 -0.616309
5.555000 0.794644 -0.607076
5.560000 0.801596 -0.597866
5.565000 0.808358 -0.588691
5.570000 0.814926 -0.579565
5.575000 0.821296 -0.570502
5.580000 0.827467 -0.561514
5.585000 0.833437 -0.552615
5.590000 0.839203 -0.543818
5.595000 0.844766 -0.535136
5.600000 0.850124 -0.526582
5.605000 0.855278 -0.518170
5.610000 0.860227 -0.509912
5.615000 0.864972 -0.501820
5.620000 0.869515 -0.493907
5.625000 0.873856 -0.486184
5.630000 0.877998 -0.478664
5.635000 0.881942 -0.471358
5.640000 0.885690 -0.464277
5.645000 0.889245 -0.457432
5.650000 0.892608 -0.450833
5.655000 0.895784 -0.444490
5.660000 0.898774 -0.438412
5.665000 0.901581 -0.432610
5.670000 0.904209 -0.427091
5.675000 0.906659 -0.421864
5.680000 0.908935 -0.416938
5.685000 0.911040 -0.412318
5.690000 0.912976 -0.408012
5.695000 0.914747 -0.404027
5.700000 0.916354 -0.400369
5.705000 0.917800 -0.397042
5.710000 0.919088 -0.394052
5.715000 0.920219 -0.391404
5.720000 0.921195 -0.389100
5.725000 0.922019 -0.387146
5.730000 0.922690 -0.385542
5.735000 0.923211 -0.384293
5.740000 0.923583 -0.383399
5.745000 0.923805 -0.382862
5.750000 0.923880 -0.382683
5.755000 0.923805 -0.382862
5.760000 0.923583 -0.383399
5.765000 0.923211 -0.384293
5.770000 0.922690 -0.385542
5.775000 0.922019 -0.387146
5.780000 0.921195 -0.389100
5.785000 0.920219 -0.391404
5.790000 0.919088 -0.394052
5.795000 0.917800 -0.397042
5.800000 0.916354 -0.400369
5.805000 0.914747 -0.404027
5.810000 0.912976 -0.408012
5.815000 0.911040 -0.412318
5.820000 0.908935 -0.416938
5.825000 0.906659 -0.421864
5.830000 0.904209 -0.427091
5.835000 0.901581 -0.432610
5.840000 0.898774 -0.438412
5.845000 0.895784 -0.444490
5.850000 0.892608 -0.450833
5.855000 0.889245 -0.457432
5.860000 0.885690 -0.464277
5.865000 0.881942 -0.471358
5.870000 0.877998 -0.478664
5.875000 0.873856 -0.486184
5.880000 0.869515 -0.493907
5.885000 0.864972 -0.501820
5.890000 0.860227 -0.509912
5.895000 0.855278 -0.518170
5.900000 0.850124 -0.526582
5.905000 0.844766 -0.535136
5.910000 0.839203 -0.543818
5.915000 0.833437 -0.552615
5.920000 0.827467 -0.561514
5.925000 0.821296 -0.570502
5.930000 0.814926 -0.579565
5.935000 0.808358 -0.588691
5.940000 0.801596 -0.597866
5.945000 0.794644 -0.607076
5.950000 0.787504 -0.616309
5.955000 0.780183 -0.625552
5.960000 0.772684 -0.634791
5.965000 0.765014 -0.644014
5.970000 0.757178 -0.653208
5.975000 0.749184 -0.662362
5.980000 0.741039 -0.671462
5.985000 0.732750 -0.680498
5.990000 0.724326 -0.689458
5.995000 0.715775 -0.698331
6.000000 0.707107 -0.707107
6.005000 0.698331 -0.715775
6.010000 0.689458 -0.724326
6.015000 0.680498 -0.732750
6.020000 0.671462 -0.741039
6.025000 0.662362 -0.749184
6.030000 0.653208 -0.757178
6.035000 0.644014 -0.765014
6.040000 0.634791 -0.772684
6.045000 0.625552 -0.780183
6.050000 0.616309 -0.787504
6.055000 0.607076 -0.794644
6.060000 0.597866 -0.801596
6.065000 0.588691 -0.808358
6.070000 0.579565 -0.814926
6.075000 0.570502 -0.821296
6.080000 0.561514 -0.827467
6.085000 0.552615 -0.833437
6.090000 0.543818 -0.839203
6.095000 0.535136 -0.844766
6.100000 0.526582 -0.850124
6.105000 0.518170 -0.855278
6.110000 0.509912 -0.860227
6.115000 0.501820 -0.864972
6.120000 0.493907 -0.869515
6.125000 0.486184 -0.873856
6.130000 0.478664 -0.877998
6.135000 0.471358 -0.881942
6.140000 0.464277 -0.885690
6.145000 0.457432 -0.889245
6.150000 0.450833 -0.892608
6.155000 0.444490 -0.895784
6.160000 0.438412 -0.898774
6.165000 0.432610 -0.901581
6.170000 0.427091 -0.904209
6.175000 0.421864 -0.906659
6.180000 0.416938 -0.908935
6.185000 0.412318 -0.911040
6.190000 0.408012 -0.912976
6.195000 0.404027 -0.914747
6.200000 0.400369 -0.916354
6.205000 0.397042 -0.917800
6.210000 0.394052 -0.919088
6.215000 0.391404 -0.920219
6.220000 0.389100 -0.921195
6.225000 0.387146 -0.922019
6.230000 0.385542 -0.922690
6.235000 0.384293 -0.923211
6.240000 0.383399 -0.923583
6.245000 0.382862 -0.923805
6.250000 0.382683 -0.923880
6.255000 0.382862 -0.923805
6.260000 0.383399 -0.923583
6.265000 0.384293 -0.923211
6.270000 0.385542 -0.922690
6.275000 0.387146 -0.922019
6.280000 0.389100 -0.921195
6.285000 0.391404 -0.920219
6.290000 0.394052 -0.919088
6.295000 0.397042 -0.917800
6.300000 0.400369 -0.916354
6.305000 0.404027 -0.914747
6.310000 0.408012 -0.912976
6.315000 0.412318 -0.911040
6.320000 0.416938 -0.908935
6.325000 0.421864 -0.906659
6.330000 0.427091 -0.904209
6.335000 0.432610 -0.901581
6.340000 0.438412 -0.898774
6.345000 0.444490 -0.895784
6.350000 0.450833 -0.892608
6.355000 0.457432 -0.889245
6.360000 0.464277 -0.885690
6.365000 0.471358 -0.881942
6.370000 0.478664 -0.877998
6.375000 0.486184 -0.873856
6.380000 0.493907 -0.869515
6.385000 0.501820 -0.864972
6.390000 0.509912 -0.860227
6.395000 0.518170 -0.855278
6.400000 0.526582 -0.850124
6.405000 0.535136 -0.844766
6.410000 0.543818 -0.839203
6.415000 0.552615 -0.833437
6.420000 0.561514 -0.827467
6.425000 0.570502 -0.821296
6.430000 0.579565 -0.814926
6.435000 0.588691 -0.808358
6.440000 0.597866 -0.801596
6.445000 0.607076 -0.794644
6.450000 0.616309 -0.787504
6.455000 0.625552 -0.780183
6.460000 0.634791 -0.772684
6.465000 0.644014 -0.765014
6.470000 0.653208 -0.757178
6.475000 0.662362 -0.749184
6.480000 0.671462 -0.741039
6.485000 0.680498 -0.732750
6.490000 0.689458 -0.724326
6.495000 0.698331 -0.715775
6.500000 0.707107 -0.707107
6.505000 0.715775 -0.698331
6.510000 0.724326 -0.689458
6.515000 0.732750 -0.680498
6.520000 0.741039 -0.671462
6.525000 0.749184 -0.662362
6.530000 0.757178 -0.653208
6.535000 0.765014 -0.644014
6.540000 0.772684 -0.634791
6.545000 0.780183 -0.625552
6.550000 0.787504 -0.616309
6.555000 0.794644 -0.607076
6.560000 0.801596 -0.597866
6.565000 0.808358 -0.588691
6.570000 0.814926 -0.579565
6.575000 0.821296 -0.570502
6.580000 0.827467 -0.561514
6.585000 0.833437 -0.552615
6.590000 0.839203 -0.543818
6.595000 0.844766 -0.535136
6.600000 0.850124 -0.526582
6.605000 0.855278 -0.518170
6.610000 0.860227 -0.509912
6.615000 0.864972 -0.501820
6.620000 0.869515 -0.493907
6.625000 0.873856 -0.486184
6.630000 0.877998 -0.478664
6.635000 0.881942 -0.471358
6.640000 0.885690 -0.464277
6.645000 0.889245 -0.457432
6.650000 0.892608 -0.450833
6.655000 0.895784 -0.444490
6.660000 0.898774 -0.438412
6.665000 0.901581 -0.432610
6.670000 0.904209 -0.427091
6.675000 0.906659 -0.421864
6.680000 0.908935 -0.416938
6.685000 0.911040 -0.412318
6.690000 0.912976 -0.408012
6.695000 0.914747 -0.404027
6.700000 0.916354 -0.400369
6.705000 0.917800 -0.397042
6.710000 0.919088 -0.394052
6.715000 0.920219 -0.391404
6.720000 0.921195 -0.389100
6.725000 0.922019 -0.387146
6.730000 0.922690 -0.385542
6.735000 0.923211 -0.384293
6.740000 0.923583 -0.383399
6.745000 0.923805 -0.382862
6.750000 0.923880 -0.382683
6.755000 0.923805 -0.382862
6.760000 0.923583 -0.383399
6.765000 0.923211 -0.384293
6.770000 0.922690 -0.385542
6.775000 0.922019 -0.387146
6.780000 0.921195 -0.389100
6.785000 0.920219 -0.391404
6.790000 0.919088 -0.394052
6.795000 0.917800 -0.397042
6.800000 0.916354 -0.400369
6.805000 0.914747 -0.404027
6.810000 0.912976 -0.408012
6.815000 0.911040 -0.412318
6.820000 0.908935 -0.416938
6.825000 0.906659 -0.421864
6.830000 0.904209 -0.427091
6.835000 0.901581 -0.432610
6.840000 0.898774 -0.438412
6.845000 0.895784 -0.444490
6.850000 0.892608 -0.450833
6.855000 0.889245 -0.457432
6.860000 0.885690 -0.464277
6.865000 0.881942 -0.471358
6.870000 0.877998 -0.478664
6.875000 0.873856 -0.486184
6.880000 0.869515 -0.493907
6.885000 0.864972 -0.501820
6.890000 0.860227 -0.509912
6.895000 0.855278 -0.518170
6.900000 0.850124 -0.526582
6.905000 0.844766 -0.535136
6.910000 0.839203 -0.543818
6.915000 0.833437 -0.552615
6.920000 0.827467 -0.561514
6.925000 0.821296 -0.570502
6.930000 0.814926 -0.579565
6.935000 0.808358 -0.588691
6.940000 0.801596 -0.597866
6.945000 0.794644 -0.607076
6.950000 0.787504 -0.616309
6.955000 0.780183 -0.625552
6.960000 0.772684 -0.634791
6.965000 0.765014 -0.644014
6.970000 0.757178 -0.653208
6.975000 0.749184 -0.662362
6.980000 0.741039 -0.671462
6.985000 0.732750 -0.680498
6.990000 0.724326 -0.689458
6.995000 0.715775 -0.698331
7.000000 0.707107 -0.707107
7.005000 0.698331 -0.715775
7.010000 0.689458 -0.724326
7.015000 0.680498 -0.732750
7.020000 0.671462 -0.741039
7.025000 0.662362 -0.749184
7.030000 0.653208 -0.757178
7.035000 0.644014 -0.765014
7.040000 0.634791 -0.772684
7.045000 0.625552 -0.780183
7.050000 0.616309 -0.787504
7.055000 0.607076 -0.794644
7.060000 0.597866 -0.801596
7.065000 0.588691 -0.808358
7.070000 0.579565 -0.814926
7.075000 0.570502 -0.821296
7.080000 0.561514 -0.827467
7.085000 0.552615 -0.833437
7.090000 0.543818 -0.839203
7.095000 0.535136 -0.844766
7.100000 0.526582 -0.850124
7.105000 0.518170 -0.855278
7.110000 0.509912 -0.860227
7.115000 0.501820 -0.864972
7.120000 0.493907 -0.869515
7.125000 0.486184 -0.873856
7.130000 0.478664 -0.877998
7.135000 0.471358 -0.881942
7.140000 0.464277 -0.885690
7.145000 0.457432 -0.889245
7.150000 0.450833 -0.892608
7.155000 0.444490 -0.895784
7.160000 0.438412 -0.898774
7.165000 0.432610 -0.901581
7.170000 0.427091 -0.904209
7.175000 0.421864 -0.906659
7.180000 0.416938 -0.908935
7.185000 0.412318 -0.911040
7.190000 0.408012 -0.912976
7.195000 0.404027 -0.914747
7.200000 0.400369 -0.916354
7.205000 0.397042 -0.917800
7.210000 0.394052 -0.919088
7.215000 0.391404 -0.920219
7.220000 0.389100 -0.921195
7.225000 0.387146 -0.922019
7.230000 0.385542 -0.922690
7.235000 0.384293 -0.923211
7.240000 0.383399 -0.923583
7.245000 0.382862 -0.923805
7.250000 0.382683 -0.923880
7.255000 0.382862 -0.923805
7.260000 0.383399 -0.923583
7.265000 0.384293 -0.923211
7.270000 0.385542 -0.922690
7.275000 0.387146 -0.922019
7.280000 0.389100 -0.921195
7.285000 0.391404 -0.920219
7.290000 0.394052 -0.919088
7.295000 0.397042 -0.917800
7.300000 0.400369 -0.916354
7.305000 0.404027 -0.914747
7.310000 0.408012 -0.912976
7.315000 0.412318 -0.911040
7.320000 0.416938 -0.908935
7.325000 0.421864 -0.906659
7.330000 0.427091 -0.904209
7.335000 0.432610 -0.901581
7.340000 0.438412 -0.898774
7.345000 0.444490 -0.895784
7.350000 0.450833 -0.892608
7.355000 0.457432 -0.889245
7.360000 0.464277 -0.885690
7.365000 0.471358 -0.881942
7.370000 0.478664 -0.877998
7.375000 0.486184 -0.873856
7.380000 0.493907 -0.869515
7.385000 0.501820 -0.864972
7.390000 0.509912 -0.860227
7.395000 0.518170 -0.855278
7.400000 0.526582 -0.850124
7.405000 0.535136 -0.844766
7.410000 0.543818 -0.839203
7.415000 0.552615 -0.833437
7.420000 0.561514 -0.827467
7.425000 0.570502 -0.821296
7.430000 0.579565 -0.814926
7.435000 0.588691 -0.808358
7.440000 0.597866 -0.801596
7.445000 0.607076 -0.794644
7.450000 0.616309 -0.787504
7.455000 0.625552 -0.780183
7.460000 0.634791 -0.772684
7.465000 0.644014 -0.765014
7.470000 0.653208 -0.757178
7.475000 0.662362 -0.749184
7.480000 0.671462 -0.741039
7.485000 0.680498 -0.732750
7.490000 0.689458 -0.724326
7.495000 0.698331 -0.715775
7.500000 0.707107 -0.707107
7.505000 0.715775 -0.698331
7.510000 0.724326 -0.689458
7.515000 0.732750 -0.680498
7.520000 0.741039 -0.671462
7.525000 0.749184 -0.662362
7.530000 0.757178 -0.653208
7.535000 0.765014 -0.644014
7.540000 0.772684 -0.634791
7.545000 0.780183 -0.625552
7.550000 0.787504 -0.616309
7.555000 0.794644 -0.607076
7.560000 0.801596 -0.597866
7.565000 0.808358 -0.588691
7.570000 0.814926 -0.579565
7.575000 0.821296 -0.570502
7.580000 0.827467 -0.561514
7.585000 0.833437 -0.552615
7.590000 0.839203 -0.543818
7.595000 0.844766 -0.535136
7.600000 0.850124 -0.526582
7.605000 0.855278 -0.518170
7.610000 0.860227 -0.509912
7.615000 0.864972 -0.501820
7.620000 0.869515 -0.493907
7.625000 0.873856 -0.486184
7.630000 0.877998 -0.478664
7.635000 0.881942 -0.471358
7.640000 0.885690 -0.464277
7.645000 0.889245 -0.457432
7.650000 0.892608 -0.450833
7.655000 0.895784 -0.444490
7.660000 0.898774 -0.438412
7.665000 0.901581 -0.432610
7.670000 0.904209 -0.427091
7.675000 0.906659 -0.421864
7.680000 0.908935 -0.416938
7.685000 0.911040 -0.412318
7.690000 0.912976 -0.408012
7.695000 0.914747 -0.404027
7.700000 0.916354 -0.400369
7.705000 0.917800 -0.397042
7.710000 0.919088 -0.394052
7.715000 0.920219 -0.391404
7.720000 0.921195 -0.389100
7.725000 0.922019 -0.387146
7.730000 0.922690 -0.385542
7.735000 0.923211 -0.384293
7.740000 0.923583 -0.383399
7.745000 0.923805 -0.382862
7.750000 0.923880 -0.382683
7.755000 0.923805 -0.382862
7.760000 0.923583 -0.383399
7.765000 0.923211 -0.384293
7.770000 0.922690 -0.385542
7.775000 0.922019 -0.387146
7.780000 0.921195 -0.389100
7.785000 0.920219 -0.391404
7.790000 0.919088 -0.394052
7.795000 0.917800 -0.397042
7.800000 0.916354 -0.400369
7.805000 0.914747 -0.404027
7.810000 0.912976 -0.408012
7.815000 0.911040 -0.412318
7.820000 0.908935 -0.416938
7.825000 0.906659 -0.421864
7.830000 0.904209 -0.427091
7.835000 0.901581 -0.432610
7.840000 0.898774 -0.438412
7.845000 0.895784 -0.444490
7.850000 0.892608 -0.450833
7.855000 0.889245 -0.457432
7.860000 0.885690 -0.464277
7.865000 0.881942 -0.471358
7.870000 0.877998 -0.478664
7.875000 0.873856 -0.486184
7.880000 0.869515 -0.493907
7.885000 0.864972 -0.501820
7.890000 0.860227 -0.509912
7.895000 0.855278 -0.518170
7.900000 0.850124 -0.526582
7.905000 0.844766 -0.535136
7.910000 0.839203 -0.543818
7.915000 0.833437 -0.552615
7.920000 0.827467 -0.561514
7.925000 0.821296 -0.570502
7.930000 0.814926 -0.579565
7.935000 0.808358 -0.588691
7.940000 0.801596 -0.597866
7.945000 0.794644 -0.607076
7.950000 0.787504 -0.616309
7.955000 0.780183 -0.625552
7.960000 0.772684 -0.634791
7.965000 0.765014 -0.644014
7.970000 0.757178 -0.653208
7.975000 0.749184 -0.662362
7.980000 0.741039 -0.671462
7.985000 0.732750 -0.680498
7.990000 0.724326 -0.689458
7.995000 0.715775 -0.698331
8.000000 0.707107 -0.707107
8.005000 0.698331 -0.715775
8.010000 0.689458 -0.724326
8.015000 0.680498 -0.732750
8.020000 0.671462 -0.741039
8.025000 0.662362 -0.749184
8.030000 0.653208 -0.757178
8.035000 0.644014 -0.765014
8.040000 0.634791 -0.772684
8.045000 0.625552 -0.780183
8.050000 0.616309 -0.787504
8.055000 0.607076 -0.794644
8.060000 0.597866 -0.801596
8.065000 0.588691 -0.808358
8.070000 0.579565 -0.814926
8.075000 0.570502 -0.821296
8.080000 0.561514 -0.827467
8.085000 0.552615 -0.833437
8.090000 0.543818 -0.839203
8.095000 0.535136 -0.844766
8.100000 0.526582 -0.850124
8.105000 0.518170 -0.855278
8.110000 0.509912 -0.860227
8.115000 0.501820 -0.864972
8.120000 0.493907 -0.869515
8.125000 0.486184 -0.873856
8.130000 0.478664 -0.877998
8.135000 0.471358 -0.881942
8.140000 0.464277 -0.885690
8.145000 0.457432 -0.889245
8.150000 0.450833 -0.892608
8.155000 0.444490 -0.895784
8.160000 0.438412 -0.898774
8.165000 0.432610 -0.901581
8.170000 0.427091 -0.904209
8.175000 0.421864 -0.906659
8.180000 0.416938 -0.908935
8.185000 0.412318 -0.911040
8.190000 0.408012 -0.912976
8.195000 0.404027 -0.914747
8.200000 0.400369 -0.916354
8.205000 0.397042 -0.917800
8.210000 0.394052 -0.919088
8.215000 0.391404 -0.920219
8.220000 0.389100 -0.921195
8.225000 0.387146 -0.922019
8.230000 0.385542 -0.922690
8.235000 0.384293 -0.923211
8.240000 0.383399 -0.923583
8.245000 0.382862 -0.923805
8.250000 0.382683 -0.923880
8.255000 0.382862 -0.923805
8.260000 0.383399 -0.923583
8.265000 0.384293 -0.923211
8.270000 0.385542 -0.922690
8.275000 0.387146 -0.922019
8.280000 0.389100 -0.921195
8.285000 0.391404 -0.920219
8.290000 0.394052 -0.919088
8.295000 0.397042 -0.917800
8.300000 0.400369 -0.916354
8.305000 0.404027 -0.914747
8.310000 0.408012 -0.912976
8.315000 0.412318 -0.911040
8.320000 0.416938 -0.908935
8.325000 0.421864 -0.906659
8.330000 0.427091 -0.904209
8.335000 0.432610 -0.901581
8.340000 0.438412 -0.898774
8.345000 0.444490 -0.895784
8.350000 0.450833 -0.892608
8.355000 0.457432 -0.889245
8.360000 0.464277 -0.885690
8.365000 0.471358 -0.881942
8.370000 0.478664 -0.877998
8.375000 0.486184 -0.873856
8.380000 0.493907 -0.869515
8.385000 0.501820 -0.864972
8.390000 0.509912 -0.860227
8.395000 0.518170 -0.855278
8.400000 0.526582 -0.850124
8.405000 0.535136 -0.844766
8.410000 0.543818 -0.839203
8.415000 0.552615 -0.833437
8.420000 0.561514 -0.827467
8.425000 0.570502 -0.821296
8.430000 0.579565 -0.814926
8.435000 0.588691 -0.808358
8.440000 0.597866 -0.801596
8.445000 0.607076 -0.794644
8.450000 0.616309 -0.787504
8.455000 0.625552 -0.780183
8.460000 0.634791 -0.772684
8.465000 0.644014 -0.765014
8.470000 0.653208 -0.757178
8.475000 0.662362 -0.749184
8.480000 0.671462 -0.741039
8.485000 0.680498 -0.732750
8.490000 0.689458 -0.724326
8.495000 0.698331 -0.715775
8.500000 0.707107 -0.707107
8.505000 0.715775 -0.698331
8.510000 0.724326 -0.689458
8.515000 0.732750 -0.680498
8.520000 0.741039 -0.671462
8.525000 0.749184 -0.662362
8.530000 0.757178 -0.653208
8.535000 0.765014 -0.644014
8.540000 0.772684 -0.634791
8.545000 0.780183 -0.625552
8.550000 0.787504 -0.616309
8.555000 0.794644 -0.607076
8.560000 0.801596 -0.597866
8.565000 0.808358 -0.588691
8.570000 0.814926 -0.579565
8.575000 0.821296 -0.570502
8.580000 0.827467 -0.561514
8.585000 0.833437 -0.552615
8.590000 0.839203 -0.543818
8.595000 0.844766 -0.535136
8.600000 0.850124 -0.526582
8.605000 0.855278 -0.518170
8.610000 0.860227 -0.509912
8.615000 0.864972 -0.501820
8.620000 0.869515 -0.493907
8.625000 0.873856 -0.486184
8.630000 0.877998 -0.478664
8.635000 0.881942 -0.471358
8.640000 0.885690 -0.464277
8.645000 0.889245 -0.457432
8.650000 0.892608 -0.450833
8.655000 0.895784 -0.444490
8.660000 0.898774 -0.438412
8.665000 0.901581 -0.432610
8.670000 0.904209 -0.427091
8.675000 0.906659 -0.421864
8.680000 0.908935 -0.416938
8.685000 0.911040 -0.412318
8.690000 0.912976 -0.408012
8.695000 0.914747 -0.404027
8.700000 0.916354 -0.400369
8.705000 0.917800 -0.397042
8.710000 0.919088 -0.394052
8.715000 0.920219 -0.391404
8.720000 0.921195 -0.389100
8.725000 0.922019 -0.387146
8.730000 0.922690 -0.385542
8.735000 0.923211 -0.384293
8.740000 0.923583 -0.383399
8.745000 0.923805 -0.382862
8.750000 0.923880 -0.382683
8.755000 0.923805 -0.382862
8.760000 0.923583 -0.383399
8.765000 0.923211 -0.384293
8.770000 0.922690 -0.385542
8.775000 0.922019 -0.387146
8.780000 0.921195 -0.389100
8.785000 0.920219 -0.391404
8.790000 0.919088 -0.394052
8.795000 0.917800 -0.397042
8.800000 0.916354 -0.400369
8.805000 0.914747 -0.404027
8.810000 0.912976 -0.408012
8.815000 0.911040 -0.412318
8.820000 0.908935 -0.416938
8.825000 0.906659 -0.421864
8.830000 0.904209 -0.427091
8.835000 0.901581 -0.432610
8.840000 0.898774 -0.438412
8.845000 0.895784 -0.444490
8.850000 0.892608 -0.450833
8.855000 0.889245 -0.457432
8.860000 0.885690 -0.464277
8.865000 0.881942 -0.471358
8.870000 0.877998 -0.478664
8.875000 0.873856 -0.486184
8.880000 0.869515 -0.493907
8.885000 0.864972 -0.501820
8.890000 0.860227 -0.509912
8.895000 0.855278 -0.518170
8.900000 0.850124 -0.526582
8.905000 0.844766 -0.535136
8.910000 0.839203 -0.543818
8.915000 0.833437 -0.552615
8.920000 0.827467 -0.561514
8.925000 0.821296 -0.570502
8.930000 0.814926 -0.579565
8.935000 0.808358 -0.588691
8.940000 0.801596 -0.597866
8.945000 0.794644 -0.607076
8.950000 0.787504 -0.616309
8.955000 0.780183 -0.625552
8.960000 0.772684 -0.634791
8.965000 0.765014 -0.644014
8.970000 0.757178 -0.653208
8.975000 0.749184 -0.662362
8.980000 0.741039 -0.671462
8.985000 0.732750 -0.680498
8.990000 0.724326 -0.689458
8.995000 0.715775 -0.698331
9.000000 0.707107 -0.707107
9.005000 0.698331 -0.715775
9.010000 0.689458 -0.724326
9.015000 0.680498 -0.732750
9.020000 0.671462 -0.741039
9.025000 0.662362 -0.749184
9.030000 0.653208 -0.757178
9.035000 0.644014 -0.765014
9.040000 0.634791 -0.772684
9.045000 0.625552 -0.780183
9.050000 0.616309 -0.787504
9.055000 0.607076 -0.794644
9.060000 0.597866 -0.801596
9.065000 0.588691 -0.808358
9.070000 0.579565 -0.814926
9.075000 0.570502 -0.821296
9.080000 0.561514 -0.827467
9.085000 0.552615 -0.833437
9.090000 0.543818 -0.839203
9.095000 0.535136 -0.844766
9.100000 0.526582 -0.850124
9.105000 0.518170 -0.855278
9.110000 0.509912 -0.860227
9.115000 0.501820 -0.864972
9.120000 0.493907 -0.869515
9.125000 0.486184 -0.873856
9.130000 0.478664 -0.877998
9.135000 0.471358 -0.881942
9.140000 0.464277 -0.885690
9.145000 0.457432 -0.889245
9.150000 0.450833 -0.892608
9.155000 0.444490 -0.895784
9.160000 0.438412 -0.898774
9.165000 0.432610 -0.901581
9.170000 0.427091 -0.904209
9.175000 0.421864 -0.906659
9.180000 0.416938 -0.908935
9.185000 0.412318 -0.911040
9.190000 0.408012 -0.912976
9.195000 0.404027 -0.914747
9.200000 0.400369 -0.916354
9.205000 0.397042 -0.917800
9.210000 0.394052 -0.919088
9.215000 0.391404 -0.920219
9.220000 0.389100 -0.921195
9.225000 0.387146 -0.922019
9.230000 0.385542 -0.922690
9.235000 0.384293 -0.923211
9.240000 0.383399 -0.923583
9.245000 0.382862 -0.923805
9.250000 0.382683 -0.923880
9.255000 0.382862 -0.923805
9.260000 0.383399 -0.923583
9.265000 0.384293 -0.923211
9.270000 0.385542 -0.922690
9.275000 0.387146 -0.922019
9.280000 0.389100 -0.921195
9.285000 0.391404 -0.920219
9.290000 0.394052 -0.919088
9.295000 0.397042 -0.917800
9.300000 0.400369 -0.916354
9.305000 0.404027 -0.914747
9.310000 0.408012 -0.912976
9.315000 0.412318 -0.911040
9.320000 0.416938 -0.908935
9.325000 0.421864 -0.906659
9.330000 0.427091 -0.904209
9.335000 0.432610 -0.901581
9.340000 0.438412 -0.898774
9.345000 0.444490 -0.895784
9.350000 0.450833 -0.892608
9.355000 0.457432 -0.889245
9.360000 0.464277 -0.885690
9.365000 0.471358 -0.881942
9.370000 0.478664 -0.877998
9.375000 0.486184 -0.873856
9.380000 0.493907 -0.869515
9.385000 0.501820 -0.864972
9.390000 0.509912 -0.860227
9.395000 0.518170 -0.855278
9.400000 0.526582 -0.850124
9.405000 0.535136 -0.844766
9.410000 0.543818 -0.839203
9.415000 0.552615 -0.833437
9.420000 0.561514 -0.827467
9.425000 0.570502 -0.821296
9.430000 0.579565 -0.814926
9.435000 0.588691 -0.808358
9.440000 0.597866 -0.801596
9.445000 0.607076 -0.794644
9.450000 0.616309 -0.787504
9.455000 0.625552 -0.780183
9.460000 0.634791 -0.772684
9.465000 0.644014 -0.765014
9.470000 0.653208 -0.757178
9.475000 0.662362 -0.749184
9.480000 0.671462 -0.741039
9.485000 0.680498 -0.732750
9.490000 0.689458 -0.724326
9.495000 0.698331 -0.715775
9.500000 0.707107 -0.707107
9.505000 0.715775 -0.698331
9.510000 0.724326 -0.689458
9.515000 0.732750 -0.680498
9.520000 0.741039 -0.671462
9.525000 0.749184 -0.662362
9.530000 0.757178 -0.653208
9.535000 0.765014 -0.644014
9.540000 0.772684 -0.634791
9.545000 0.780183 -0.625552
9.550000 0.787504 -0.616309
9.555000 0.794644 -0.607076
9.560000 0.801596 -0.597866
9.565000 0.808358 -0.588691
9.570000 0.814926 -0.579565
9.575000 0.821296 -0.570502
9.580000 0.827467 -0.561514
9.585000 0.833437 -0.552615
9.590000 0.839203 -0.543818
9.595000 0.844766 -0.535136
9.600000 0.850124 -0.526582
9.605000 0.855278 -0.518170
9.610000 0.860227 -0.509912
9.615000 0.864972 -0.501820
9.620000 0.869515 -0.493907
9.625000 0.873856 -0.486184
9.630000 0.877998 -0.478664
9.635000 0.881942 -0.471358
9.640000 0.885690 -0.464277
9.645000 0.889245 -0.457432
9.650000 0.892608 -0.450833
9.655000 0.895784 -0.444490
9.660000 0.898774 -0.438412
9.665000 0.901581 -0.432610
9.670000 0.904209 -0.427091
9.675000 0.906659 -0.421864
9.680000 0.908935 -0.416938
9.685000 0.911040 -0.412318
9.690000 0.912976 -0.408012
9.695000 0.914747 -0.404027
9.700000 0.916354 -0.400369
9.705000 0.917800 -0.397042
9.710000 0.919088 -0.394052
9.715000 0.920219 -0.391404
9.720000 0.921195 -0.389100
9.725000 0.922019 -0.387146
9.730000 0.922690 -0.385542
9.735000 0.923211 -0.384293
9.740000 0.923583 -0.383399
9.745000 0.923805 -0.382862
9.750000 0.923880 -0.382683
9.755000 0.923805 -0.382862
9.760000 0.923583 -0.383399
9.765000 0.923211 -0.384293
9.770000 0.922690 -0.385542
9.775000 0.922019 -0.387146
9.780000 0.921195 -0.389100
9.785000 0.920219 -0.391404
9.790000 0.919088 -0.394052
9.795000 0.917800 -0.397042
9.800000 0.916354 -0.400369
9.805000 0.914747 -0.404027
9.810000 0.912976 -0.408012
9.815000 0.911040 -0.412318
9.820000 0.908935 -0.416938
9.825000 0.906659 -0.421864
9.830000 0.904209 -0.427091
9.835000 0.901581 -0.432610
9.840000 0.898774 -0.438412
9.845000 0.895784 -0.444490
9.850000 0.892608 -0.450833
9.855000 0.889245 -0.457432
9.860000 0.885690 -0.464277
9.865000 0.881942 -0.471358
9.870000 0.877998 -0.478664
9.875000 0.873856 -0.486184
9.880000 0.869515 -0.493907
9.885000 0.864972 -0.501820
9.890000 0.860227 -0.509912
9.895000 0.855278 -0.518170
9.900000 0.850124 -0.526582
9.905000 0.844766 -0.535136
9.910000 0.839203 -0.543818
9.915000 0.833437 -0.552615
9.920000 0.827467 -0.561514
9.925000 0.821296 -0.570502
9.930000 0.814926 -0.579565
9.935000 0.808358 -0.588691
9.940000 0.801596 -0.597866
9.945000 0.794644 -0.607076
9.950000 0.787504 -0.616309
9.955000 0.780183 -0.625552
9.960000 0.772684 -0.634791
9.965000 0.765014 -0.644014
9.970000 0.757178 -0.653208
9.975000 0.749184 -0.662362
9.980000 0.741039 -0.671462
9.985000 0.732750 -0.680498
9.990000 0.724326 -0.689458
9.995000 0.715775 -0.698331
10.000000 0.707107 -0.707107
